3,2
3,1
3,3
10,33
10,231
10,189
10,193
10,75
75,3
10,297
75,2
75,1
75,0
73,3
10,21
73,2
73,1
73,0
71,6
71,5
71,4
71,3
10,115
71,2
71,1
71,0
69,3
69,2
69,1
69,0
67,3
67,2
67,1
67,0
65,4
65,3
9,7
9,2
9,3
65,2
65,1
65,0
64,4
64,3
64,2
8,9
8,14
8,15
8,13
64,1
64,0
63,4
63,3
63,2
8,7
8,2
8,3
63,1
63,0
62,3
62,2
62,1
62,0
61,5
61,4
61,3
61,2
61,1
61,0
59,67
59,66
59,65
59,64
59,46
59,45
59,44
59,43
59,42
59,41
59,40
59,39
59,38
59,37
59,36
59,35
59,34
59,33
59,32
59,31
59,30
59,29
59,1
20,3
20,2
20,1
19,3
19,2
19,1
12,3
12,2
12,1
11,29
11,27
11,26
11,25
11,24
11,23
11,21
11,19
11,17
11,16
11,15
11,14
11,13
11,11
11,9
11,7
11,6
11,5
11,4
